        RMSE
EKF: 0.097484,  0.066649
UKF: 0.097403,  0.066261
IEKF: 0.097417, 0.066619
PLF: 0.097153, 0.066146
NANO: 0.097144, 0.066142